$ANSIBLE_VAULT;1.1;AES256
31353139653037363832393339616564333363616461653964346332646530303231623333343763
6339666439323935326366623637656637373834363762340a323065313165653462623633616165
33313230326333323035363233643562393366343864633266613230316135376336383431663639
3763336131616664650a363933663163626261303361373062623937333537323430356261376262
32353937306537393363663935353230303739613235633963316330373836633431643134356238
66363232393965663036353131383430366331383531613233346138383364333461643862313239
63646264633339333034313739306538343262336461613036386433336339383132373437316139
35393532663935623835303332633032303536363366646333343861383365326131346661366530
30636139313637356131306136383332663734663130666136363430343664636265613539383566
32656438306162646135626637353134646336393233346338363064383932326231303266336134
33656165373465313335663834666661383664613231623535356638353334623435333738643332
63616534653733346333626363393165393466376435393537613266326265656332643261323135
66373637366137633137323964356461393930633930663164303462363437323134333761356566
31623865323462393065646334666265363037356138303330393865396234303037356332343434
30346531613338613535643634326361653036356431393430313264306134636634646565646265
65653534623835653362333638373833646665343465356566363634346236313638393365666464
39656633383763373835376161356436323734376436353563363230306165383839363431633562
38623163633265343162643031353333386634376230653635613261356235393963353334306334
31643161353663663432643663363334356663376166396432663432326265303432393132666535
31316163373062383331373333636561613864323636303535626538356166633561323330353532
62633434303333333134653936613336343637323530356330356565396132653036663066653463
39666535633461373761616337376533613037326264616337333462313536646537613137383033
30323934633231633763613138303832396661303839373139383234613265383962326166316364
65643734353261333161613739616163376666316336633965643038316130313136343737393037
33613563613830623732636433303733316331663232366138626564623435656662373136356466
35643137646365303432306534666330383165323039393161333736616435623931323666656535
34343333326537353439316337663666633233303631623261376562663565343832376137393632
31356233663838663965383035363638306665646261396637363865616464646537386630313436
63333837376536646261333763666665623432363138636630343861633038386537306362663133
31616262633231666132343230616330366136333962363865306236303837343966353737656665
66616264616562656134643439303563303637316334643235626639333161383432366432346532
34306664353634643036623733323435323038623039336566623838333662323530346261666337
62333531393465656361613535313837336232623633366263653963333763396331313331363332
30633332386263633832303237306637363162393732306635356136366264386161333238386638
30636431373339346236656363376536623164633361373133613531623361613961626161613335
61643566396537663862353036616666623263333265623761333734363335626561646435333761
36623033613037383464393961613530376166333430633161383432643462623037343032396665
62353863366365313736316437373565656134323535663763306466366261663235366333353665
31356466343266343361623761666633623833616639653466386333393530383161653464343561
35306233383332336137666166613734623461363535633831333035356164663464313539653432
37666639333265343538616130346638636334313466666535303761633463366361393639663930
34623766336262386133346664656264376366373065656231643962383035323962373434633130
35373038636336346639663562636262623635636463303966373237303765333234303034653036
61636632373265323662353131636534326533343837356264323936383631303738616130386132
33336533353664646436653836646237646435653734653363633731396630343033646132343930
66323332326662393430303263326432326637383836353331323034643561356239626163306564
39323636303962656630363866323066313861343437383136316135386436363737643562373138
39316231373239613063636531623232383736373333653264373336366238343931326130633936
32353661393432303139666530636430396164666565613565663131646639333166623666363165
31663333303762396162663030646166336461636134366164663938633738316263313961636438
38363064303538336564353366323131343365386439383764636463646633363231623866353037
30653736393966623433636539613239306136393332373162633935633963653563626532366630
37386134663536366531303434313866323639373838383032376365333436303564643639363765
32623465623964316337613665393734366636373830356663613361373938323135653762643037
34666565643334303138373066343437363064646234323763316439393736333462346263666564
32373162663362336162623538336163643031306537613061383736306561333561366663323332
31313961306539306630366136393838633739346135393266626463303462356164303937363230
30313532616336386464663835323261303830626266363164356566363766353133623131393462
34626263656666343937313130613432383033613563313664356431323763393237636461366134
66646130306632613235663939353536323530333032663831366138616332306261303163306537
36366430343033363032623335663430363461323164333431653365636137363735316432663335
65363364656533383332666462613432303261373363653334653831396337306531373566656563
62366664623636363364333335633165313164303264366466646463346164636131323635616563
61366435323034313962353832316433323332663765373735326233623830336363386363633466
34326439656331373465643839373433333764613431393435633430623264353964373362326136
61383434616135396161343565333732373035616264306135373032383064383362633263396662
34363932653062353932623737393964393636363130323532323130376334333361343836663731
38623066353037343237356337313165306636663135323830653334366335373466396438353261
62313036396430626364626463333434376564303762636335633233616665316665636435313737
30386439666432613139316330376563663865383537373261633861323161326537623736363634
36366339386635383039326535663336363533653636666536386536393766643931613936646232
39343436653131323664616462666433303933303766653934636637326231636164323035396334
37323830663961376465346162303432366163666530636161353039613936326539343130646334
37363937393238326135656334383465663561303434316365663435643939306565623936633661
66656166363638346663393638383036333164366331646330353763333763386431623733356366
38323831336634326135313937643936343336613961336461646361636231343830643337323038
33336263313262616362343138646230656561326631376439613038356361376364326539366166
31363033333362383962626461383738623934376334616566376166343538363062656363383935
30323361626235666534303034643232353635373038633730363135373933303064613837363164
65393131333435666163613765613130363563313162363331343430393131613737663432343062
30663730323931343066393263343037646561383234366666646534393939613736396533653064
61366362633666323530366237613237313436373638656261633063663339616261646566616231
61333534396233616136643732366233316163336264333337636533656265323961653533356565
39616230393366643930353839323031363564386563396135656165303738396563376463353739
63376366633166336434363736393839373964643632636637643436643233343230386265626430
63343136383765316331376335616339663033613064303831383962356635333838653730343664
39616336656331313865306432643233343332376462616566616463343737386661363836613034
32663038373336333437323731653434663236646461376366383334306331363539323033386130
63633062656436333031633538333032376139373333666464616165366564613161303038343631
66366665343937646461333863633263623439656338393764633131616362363535333038623433
65376431393131633730396634326563666532646266613631323334393030666165363038353666
64343330343436643763366561613434323335636234343433373234316539333261393034353437
62323964373934616134656630393634383762326265326131623263653966303461343630373531
36363064626536636463613734386562313831373765373736346666366139653034393530336134
38356132633133663461626264306465346562316264353230326135323166363465313666663865
32303633316430386530303866626133333331393335353830393233343535376237623536373638
64333662623935306364326137306535643264383932353264343164366365616134613363663031
37396638656531393335386666343731353639323730653064626130646631633234346462663766
64376330666530353163346132303366373965663737363465393434613738316233326366626139
39663834623439623666313263636161633063333930333534333535623238323738653465333363
36313863386137336538656133616265316234343839303736303964313936333335383330363466
61373639363664353236623837393333376133353534366561346337376630393561346435326335
33633532633536346637306332323735386438633761356637356132646336353563393339376231
30333864616431326534353330396637363936656362366362353961343861626265333266326532
37663437313232663964626331393433653734323237343561613234623439636465323361363963
65323736383261353762363162306563633063616339653632666437633636666239326532346662
38646161323364363736366638646531366238303836303131376132383538383961316366633235
64643335386431653763633964353037313461653434626637656632323730633231643333306336
61663265633130313733396661326231323937663931396537613134653230303430363437613463
34333065353835646139373761303937363530386561346235333538353661323765636564653661
65663066633934623463663932393430363435366162626361643564666363383438313763386462
35663264313335366665313636393133633539626333343766313836343164343035613664623830
35633734663637643638316435363263653962643262613632346133663862393232393366663336
62343063613038363764366339323132323635623364393862363465353034623963386531646162
31393363363835646136353634396530363964343839366537663232333637386533323938643637
30323337313738313633323236653336393462373732623639346338316439656135353736343466
31643339343637636632326463326331373363333065376262643163363633613739316334383066
33653638653264623630383161653263336135623132636136313434326366613864303530396433
31303331373065323637386330326333376663646363623137346439323539363733323431376134
32616136333330663936306663323537373766306636336339636563653164383937643531396132
32333734636338393532623766323737303036383464333164396465613732623163623963323636
32376261646362383761633065386333326665363639663265616433393138643863373637656633
65366464393065303039346335633332306130626161646533353638356462363235356230303139
34636431303665303731653064623662636532306666336634633436323862623336636136303733
65356131656565613237646639636536613932636436626163646138303334613437623961663164
64623637653665666636363833653937356562646162336536636236383761303330653833343634
37383038313135656637326434376634626362623762313132373431306563313131393834356631
33306338333164633233326639316362376661376632333564626334633436396238316239616166
31313333373932303832363961663237306131333338613135616133626533633837306363343636
32633836316265376532313566643962396538323936323235643766643466323937366632613039
33363739306666633234353538346465366639633436666238666335646237316366643038623139
38653034663861306464656361303632333365326162343264366332643335623738333130323035
32643962323764623438613936346631656365663965346563373735393934623362366432633863
39313436626662633231656263663738313936613630333530383363353837356231313766386137
64633935333937393331626530393566316434363566653832366233363833333531343463366530
62396138383331373130393365336131376531356265636533656463376633376530303461383230
33323661666338646166666339343036653531393363383136636134666531633464316361303530
30643638623963396334343566373665346666646131643536396136613263336330323939616262
39626339386330386337613435623937313139613666646665376665613136633262353336363536
35353039633835393830363363666333373131643163353332653064326535333261643863666162
39343461386566363961386339336431353336393364643536326561386535333530303862393438
36363235356638393935313236643264623139303762623066343162373337636131366238336533
31643531386437653131366665633833646433383366613465343233633862333037303164633163
34396365343631646638653431343861643263303966666331663432663239353739633662373666
66363030343664663862316665343739313466326132663438636431653663386434303032323430
38383636663734353066376466356465626237356237353336376635313539643633383333383231
34636464396261336333633435643963653634363732623538376338616135623534373437623531
61343739646166333737643331333333306536386363336364626365646433636232636431643633
64643832326365303266386665393263353563633639303862316438656535626462336462623335
37366235653938343934383539633561303534613063653833393831646665653436363632656536
61343936396536363932356330633637376464633930353435333632616263323130666639356337
38356565373333363439656632663462356330393136643439393931623635313737363864373132
64613561316336356432323466646339393961626534626632633433643161626432373933633361
66323936663133306434393063323365613938356131373733363434383132363833363339613163
61373037363362373031613538643931623564646561623266633666656330323934306362656239
65306130613030376664663838303961343831626235376538303930623633336264306234646164
61613438376539333864323862313764663733613432623764303161363262643134666463656631
62326438636265323333633330366330313038326337313338383537366433396261313761333935
38613265346466663938393930356436326234363565313632313235653634393534663163663362
38666534343432343633623032333263356364646133613739343462633437396634383666316663
31313631366165333961336335313433366663373237623166323134313362346135323433636161
38346366326533333234323465373836326630636536353962326263326334363332613961623966
31663732386166623730363962616464626137643336626461326162633033386133383939663933
35356561363630646534646533633135366539313061643437653130343837353436663933376132
62336262393062383635623635343539323137633265366232376561336534346562306566633062
63656662346138653739613464363665623431333366646563653238376339633632623430643363
34653862343532666663643563363637386466616538343432323930376465653865373061396530
36333165663938393237353363363435383861373566613930613164306265626136336334666462
33383135323162636237363234623166323031653632613535303233343662343062643039663865
64393036353264346538346562303233323337316633376662373165353737663638666564383666
33353733663465653564376561643037326334303831386531333261353036383962633537646137
65333739356264313739303634396464613130623261316235663962313366626564643735356535
38383332363363346161613263366535343335333265393936383630343437613739313731616637
3439356433663236326539396539663262633064383063326539
